--------------------
INPUT FILES
--------------------

FORMAT:
# transitions
accept state
state read edit move direction accept

--------------------
exercise_11-1.txt
--------------------
9
3
0 1 1 0 1 0
0 0 * 1 1 0
1 1 1 1 1 0
1 * * 3 0 1
1 0 * 2 -1 0
2 0 0 2 -1 0
2 1 1 2 -1 0
2 * * 0 1 0
3 * * 3 0 1

--------------------
exercise_11-13.txt
--------------------
23
6
0 # # 0 1 0
0 0 0 1 0 0
0 1 1 1 0 0
0 * * 6 0 1
1 # # 1 1 0
1 0 # 2 1 0
1 1 # 4 1 0
1 * * 5 -1 0
2 # # 2 1 0
2 0 0 1 1 0
2 1 # 3 1 0
3 # # 3 1 0
3 0 0 4 1 0
3 1 1 2 1 0
3 * * 5 -1 0
4 1 1 1 1 0
4 0 # 3 1 0
4 # # 4 1 0
5 0 0 5 -1 0
5 1 1 5 -1 0
5 # # 5 -1 0
5 * * 0 1 0
6 * * 6 0 1

--------------------
exercise_11-14.txt
--------------------
14
6
0 1 1 1 -1 0
0 0 $ 2 1 0
0 * * 6 0 1
1 $ 0 1 -1 0
1 * * 0 1 0 
2 0 0 2 1 0
2 1 1 3 1 0
3 1 1 3 1 0
3 * * 4 -1 0
4 1 * 5 -1 0
5 1 1 5 -1 0
5 0 0 5 -1 0
5 $ $ 0 1 0
6 * * 6 0 1

--------------------
exercise_11-for-you.txt
--------------------
15
5
0 0 * 1 1 0
0 x x 4 1 0
1 0 0 1 1 0
1 x x 1 1 0
1 1 x 2 1 0
2 1 1 2 1 0
2 x x 2 1 0
2 2 x 3 -1 0
3 0 0 3 -1 0
3 1 1 3 -1 0
3 x x 3 -1 0
3 * * 0 1 0
4 x x 4 1 0
4 * * 5 0 1
5 * * 5 0 1

--------------------
input.txt
--------------------
Accepts the language {a^i b^j c^k | i * j = k}
54
17
0 a a 0 1 0
0 b b 1 1 0
0 c c 2 1 0
0 * * 3 0 0
1 b b 1 1 0
1 c c 2 1 0
1 * * 3 0 0
2 c c 2 1 0
2 * * 3 0 0
3 * * 6 -1 0
4 c c 4 -1 0
4 * * 8 1 0
4 b b 5 -1 0
4 a a 5 -1 0
5 b b 5 -1 0
5 * * 8 1 0
5 a a 7 -1 0
5 * * 7 0 0
6 c c 4 -1 0
6 b b 5 -1 0
6 a a 7 -1 0
7 a a 7 -1 0
7 * * 8 1 0
8 a x 9 1 0
8 b b 16 1 0
8 y b 14 -1 0
9 a a 9 1 0
9 b b 10 0 0
9 z z 8 -1 0
9 * * 17 0 1
10 y y 10 1 0
10 b y 11 1 0
11 b b 11 1 0
11 z z 12 1 0
11 c c 12 0 0
12 z z 12 1 0
12 c z 13 0 0
13 z z 13 -1 0
13 b b 13 -1 0
13 y y 9 1 0
14 y b 14 -1 0
14 a a 21 -1 0
14 x x 20 1 0
15 z z 15 1 0
15 * * 17 0 1
15 c c 18 0 0
16 b b 16 1 0
16 * * 17 0 1
17 * * 17 0 1
18 * * 17 0 0
20 b b 20 1 0
20 z z 15 1 0
20 c c 18 0 0
21 a a 21 -1 1
21 x x 8 1 0
